C1-C4  200.849   1.512   0   3
C1-N1  385.141   1.367   0   7
C1-O2  679.092   1.243   0   9
C2-C4  136.208   1.567   1   3
C2-O1  536.171   1.274   1   8
C2-O3  614.335   1.254   1   10
C3-C4  222.366   1.513   2   3
C3-C5  249.974   1.504   2   4
C3-H1  384.049   1.085   2   11
C3-H2  380.288   1.086   2   12
C4-C5  158.675   1.553   3   4
C5-C6  232.774   1.520   4   5
C5-C7  231.927   1.521   4   6
C6-H3  342.690   1.098   5   13
C6-H4  336.704   1.100   5   14
C6-H5  366.283   1.091   5   15
C7-H6  342.682   1.098   6   16
C7-H7  362.531   1.092   6   17
C7-H8  338.241   1.099   6   18
N1-H9  497.162   1.013   7   19
N1-H10  393.920   1.040   7   20
