C4-C1-N1  85.389   114.274   3   0   7
C4-C1-O2  62.470   123.360   3   0   9
N1-C1-O2  66.825   122.321   7   0   9
C4-C2-O1  61.554   116.556   3   1   8
C4-C2-O3  58.452   116.230   3   1   10
O1-C2-O3  56.877   127.195   8   1   10
C4-C3-C5  55.812   61.954   3   2   4
C4-C3-H1  44.294   114.154   3   2   11
C4-C3-H2  48.643   116.048   3   2   12
C5-C3-H1  43.769   117.729   4   2   11
C5-C3-H2  45.627   117.729   4   2   12
H1-C3-H2  25.716   117.300   11   2   12
C1-C4-C2  89.938   118.758   0   3   1
C1-C4-C3  100.725   115.802   0   3   2
C1-C4-C5  81.782   115.316   0   3   4
C2-C4-C3  102.370   117.789   1   3   2
C2-C4-C5  82.382   116.453   1   3   4
C3-C4-C5  65.992   58.744   2   3   4
C3-C5-C4  49.718   59.302   2   4   3
C3-C5-C6  86.000   119.406   2   4   5
C3-C5-C7  88.762   118.652   2   4   6
C4-C5-C6  77.582   118.392   3   4   5
C4-C5-C7  79.949   118.658   3   4   6
C6-C5-C7  68.099   112.719   5   4   6
C5-C6-H3  47.181   110.551   4   5   13
C5-C6-H4  45.420   109.748   4   5   14
C5-C6-H5  52.744   111.398   4   5   15
H3-C6-H4  42.031   107.750   13   5   14
H3-C6-H5  32.452   108.270   13   5   15
H4-C6-H5  35.713   109.032   14   5   15
C5-C7-H6  49.392   110.693   4   6   16
C5-C7-H7  55.326   112.086   4   6   17
C5-C7-H8  45.970   109.799   4   6   18
H6-C7-H7  32.790   108.191   16   6   17
H6-C7-H8  41.212   107.635   16   6   18
H7-C7-H8  35.939   108.299   17   6   18
C1-N1-H9  49.351   114.528   0   7   19
C1-N1-H10  48.746   112.056   0   7   20
H9-N1-H10  32.510   120.748   19   7   20
